0	0	0	1
1	0	0	1
2	0	0	1
3	0	0	1
4	0	0	1
5	0	0	1
6	0	0	1
0	0	1	1
1	0	1	1
2	0	1	1
7	0	1	1
3	0	1	1
4	0	1	1
5	0	1	1
6	0	1	1
0	0	2	1
1	0	2	1
2	0	2	1
3	0	2	1
4	0	2	1
5	0	2	1
6	0	2	1
0	0	3	1
1	0	3	1
2	0	3	1
3	0	3	1
4	0	3	1
5	0	3	1
6	0	3	1
0	0	4	1
1	0	4	1
2	0	4	1
3	0	4	1
4	0	4	1
5	0	4	1
0	0	5	1
1	0	5	1
2	0	5	1
7	0	5	1
3	0	5	1
4	0	5	1
5	0	5	1
6	0	5	1
0	0	6	1
1	0	6	1
2	0	6	1
3	0	6	1
4	0	6	1
5	0	6	1
6	0	6	1
0	0	7	1
1	0	7	1
2	0	7	1
7	0	7	1
3	0	7	1
4	0	7	1
5	0	7	1
6	0	7	1
0	0	8	1
1	0	8	1
2	0	8	1
3	0	8	1
4	0	8	1
5	0	8	1
6	0	8	1
0	0	9	1
1	0	9	1
2	0	9	1
3	0	9	1
4	0	9	1
5	0	9	1
6	0	9	1
0	0	10	1
0	0	11	1
0	0	12	1
1	0	12	1
3	0	12	1
0	0	13	1
0	0	14	1
1	0	14	1
2	0	14	1
3	0	14	1
4	0	14	1
5	0	14	1
6	0	14	1
0	0	15	1
1	0	15	1
2	0	15	1
3	0	15	1
4	0	15	1
5	0	15	1
6	0	15	1
0	0	16	1
1	0	16	1
2	0	16	1
3	0	16	1
4	0	16	1
5	0	16	1
0	0	17	1
1	0	17	1
2	0	17	1
3	0	17	1
4	0	17	1
5	0	17	1
6	0	17	1
0	0	18	1
1	0	18	1
2	0	18	1
3	0	18	1
4	0	18	1
5	0	18	1
6	0	18	1
0	0	19	1
1	0	19	1
2	0	19	1
3	0	19	1
4	0	19	1
5	0	19	1
6	0	19	1
0	0	20	1
1	0	20	1
2	0	20	1
7	0	20	1
3	0	20	1
4	0	20	1
5	0	20	1
6	0	20	1
0	0	21	1
1	0	21	1
2	0	21	1
3	0	21	1
4	0	21	1
5	0	21	1
6	0	21	1
2	0	22	1
4	0	22	1
5	0	22	1
0	0	23	1
1	0	23	1
2	0	23	1
3	0	23	1
4	0	23	1
5	0	23	1
6	0	23	1
0	0	24	1
1	0	24	1
2	0	24	1
3	0	24	1
4	0	24	1
5	0	24	1
6	0	24	1
0	0	25	1
1	0	25	1
2	0	25	1
3	0	25	1
4	0	25	1
5	0	25	1
6	0	25	1
0	0	26	1
1	0	26	1
2	0	26	1
7	0	26	1
3	0	26	1
4	0	26	1
5	0	26	1
6	0	26	1
0	0	27	1
1	0	27	1
2	0	27	1
7	0	27	1
3	0	27	1
4	0	27	1
5	0	27	1
6	0	27	1
0	0	28	1
1	0	28	1
2	0	28	1
3	0	28	1
4	0	28	1
5	0	28	1
6	0	28	1
0	0	29	1
1	0	29	1
4	0	29	1
5	0	29	1
6	0	29	1
0	0	30	1
1	0	30	1
2	0	30	1
3	0	30	1
4	0	30	1
5	0	30	1
6	0	30	1
0	0	31	1
1	0	31	1
2	0	31	1
7	0	31	1
3	0	31	1
4	0	31	1
5	0	31	1
6	0	31	1
0	0	32	1
1	0	32	1
2	0	32	1
3	0	32	1
4	0	32	1
5	0	32	1
6	0	32	1
0	0	33	1
1	0	33	1
2	0	33	1
3	0	33	1
4	0	33	1
5	0	33	1
0	0	34	1
1	0	34	1
2	0	34	1
7	0	34	1
3	0	34	1
4	0	34	1
5	0	34	1
6	0	34	1
0	0	35	1
1	0	35	1
2	0	35	1
3	0	35	1
4	0	35	1
5	0	35	1
6	0	35	1
0	0	36	1
1	0	36	1
2	0	36	1
7	0	36	1
3	0	36	1
4	0	36	1
5	0	36	1
6	0	36	1
0	0	37	1
1	0	37	1
2	0	37	1
3	0	37	1
4	0	37	1
5	0	37	1
6	0	37	1
0	0	38	1
4	0	38	1
5	0	38	1
0	0	39	1
1	0	39	1
2	0	39	1
7	0	39	1
3	0	39	1
4	0	39	1
5	0	39	1
6	0	39	1
0	0	40	1
1	0	40	1
2	0	40	1
3	0	40	1
4	0	40	1
5	0	40	1
6	0	40	1
0	0	41	1
1	0	41	1
2	0	41	1
3	0	41	1
4	0	41	1
5	0	41	1
0	0	42	1
1	0	42	1
2	0	42	1
7	0	42	1
3	0	42	1
4	0	42	1
5	0	42	1
6	0	42	1
0	0	43	1
2	0	43	1
3	0	43	1
5	0	43	1
0	0	44	1
0	0	45	1
1	0	45	1
2	0	45	1
3	0	45	1
4	0	45	1
5	0	45	1
6	0	45	1
0	0	46	1
1	0	46	1
2	0	46	1
3	0	46	1
4	0	46	1
5	0	46	1
6	0	46	1
0	0	47	1
1	0	47	1
2	0	47	1
3	0	47	1
4	0	47	1
5	0	47	1
6	0	47	1
0	0	48	1
1	0	48	1
2	0	48	1
7	0	48	1
3	0	48	1
4	0	48	1
5	0	48	1
6	0	48	1
0	0	49	1
1	0	49	1
2	0	49	1
3	0	49	1
4	0	49	1
5	0	49	1
6	0	49	1
0	0	50	1
2	0	50	1
3	0	50	1
4	0	50	1
5	0	50	1
6	0	50	1
0	0	51	1
1	0	51	1
2	0	51	1
3	0	51	1
4	0	51	1
5	0	51	1
6	0	51	1
0	0	52	1
1	0	52	1
2	0	52	1
3	0	52	1
4	0	52	1
5	0	52	1
6	0	52	1
0	0	53	1
1	0	53	1
2	0	53	1
7	0	53	1
3	0	53	1
4	0	53	1
5	0	53	1
6	0	53	1
0	0	54	1
1	0	54	1
2	0	54	1
3	0	54	1
4	0	54	1
5	0	54	1
6	0	54	1
0	0	55	1
1	0	55	1
2	0	55	1
3	0	55	1
4	0	55	1
5	0	55	1
6	0	55	1
0	0	56	1
1	0	56	1
2	0	56	1
7	0	56	1
3	0	56	1
4	0	56	1
5	0	56	1
0	0	57	1
1	0	57	1
2	0	57	1
3	0	57	1
4	0	57	1
5	0	57	1
6	0	57	1
0	0	58	1
1	0	58	1
2	0	58	1
3	0	58	1
4	0	58	1
5	0	58	1
6	0	58	1
0	0	59	1
1	0	59	1
2	0	59	1
3	0	59	1
4	0	59	1
5	0	59	1
0	0	60	1
3	0	60	1
4	0	60	1
5	0	60	1
0	0	61	1
1	0	61	1
2	0	61	1
3	0	61	1
4	0	61	1
5	0	61	1
6	0	61	1
0	0	62	1
1	0	62	1
2	0	62	1
3	0	62	1
4	0	62	1
5	0	62	1
6	0	62	1
0	0	63	1
1	0	63	1
2	0	63	1
3	0	63	1
4	0	63	1
5	0	63	1
6	0	63	1
0	0	64	1
0	0	65	1
2	0	65	1
5	0	65	1
6	0	65	1
0	0	66	1
1	0	66	1
2	0	66	1
3	0	66	1
4	0	66	1
5	0	66	1
6	0	66	1
0	0	67	1
1	0	67	1
2	0	67	1
3	0	67	1
4	0	67	1
5	0	67	1
6	0	67	1
0	0	68	1
1	0	68	1
2	0	68	1
3	0	68	1
4	0	68	1
5	0	68	1
6	0	68	1
0	0	69	1
1	0	69	1
2	0	69	1
7	0	69	1
3	0	69	1
4	0	69	1
5	0	69	1
6	0	69	1
6	0	70	1
0	0	71	1
3	0	71	1
5	0	71	1
0	0	72	1
1	0	72	1
2	0	72	1
3	0	72	1
4	0	72	1
5	0	72	1
6	0	72	1
0	0	73	1
1	0	73	1
2	0	73	1
3	0	73	1
4	0	73	1
5	0	73	1
6	0	73	1
0	0	74	1
2	0	74	1
5	0	74	1
0	0	75	1
1	0	75	1
2	0	75	1
7	0	75	1
3	0	75	1
4	0	75	1
5	0	75	1
6	0	75	1
0	0	76	1
1	0	76	1
2	0	76	1
3	0	76	1
4	0	76	1
5	0	76	1
6	0	76	1
0	0	77	1
2	0	77	1
5	0	77	1
6	0	77	1
0	0	78	1
1	0	78	1
2	0	78	1
3	0	78	1
4	0	78	1
5	0	78	1
6	0	78	1
0	0	79	1
1	0	79	1
2	0	79	1
7	0	79	1
3	0	79	1
4	0	79	1
5	0	79	1
6	0	79	1
0	0	80	1
1	0	80	1
2	0	80	1
7	0	80	1
3	0	80	1
4	0	80	1
5	0	80	1
6	0	80	1
0	0	81	1
1	0	81	1
2	0	81	1
3	0	81	1
4	0	81	1
5	0	81	1
6	0	81	1
0	0	82	1
1	0	82	1
2	0	82	1
3	0	82	1
4	0	82	1
5	0	82	1
6	0	82	1
0	0	83	1
1	0	83	1
2	0	83	1
4	0	83	1
5	0	83	1
0	0	84	1
1	0	84	1
2	0	84	1
7	0	84	1
3	0	84	1
4	0	84	1
5	0	84	1
6	0	84	1
0	0	85	1
3	0	85	1
5	0	85	1
0	0	86	1
1	0	86	1
2	0	86	1
3	0	86	1
4	0	86	1
5	0	86	1
6	0	86	1
0	0	87	1
1	0	87	1
2	0	87	1
3	0	87	1
4	0	87	1
5	0	87	1
6	0	87	1
0	0	88	1
1	0	88	1
2	0	88	1
7	0	88	1
3	0	88	1
4	0	88	1
5	0	88	1
6	0	88	1
0	0	89	1
1	0	89	1
2	0	89	1
7	0	89	1
3	0	89	1
4	0	89	1
5	0	89	1
6	0	89	1
0	0	90	1
1	0	90	1
2	0	90	1
3	0	90	1
4	0	90	1
5	0	90	1
6	0	90	1
0	0	91	1
1	0	91	1
2	0	91	1
7	0	91	1
3	0	91	1
4	0	91	1
5	0	91	1
6	0	91	1
0	0	92	1
1	0	92	1
2	0	92	1
3	0	92	1
4	0	92	1
5	0	92	1
6	0	92	1
0	0	93	1
2	0	93	1
3	0	93	1
4	0	93	1
5	0	93	1
6	0	93	1
0	0	94	1
1	0	94	1
2	0	94	1
3	0	94	1
4	0	94	1
5	0	94	1
0	0	95	1
1	0	95	1
2	0	95	1
7	0	95	1
3	0	95	1
4	0	95	1
5	0	95	1
6	0	95	1
0	0	96	1
1	0	96	1
2	0	96	1
3	0	96	1
4	0	96	1
5	0	96	1
6	0	96	1
8	1	0	1
0	1	0	1
1	1	0	1
2	1	0	1
4	1	0	1
9	1	0	1
8	1	2	1
0	1	2	1
1	1	2	1
2	1	2	1
4	1	2	1
9	1	2	1
8	1	97	1
0	1	97	1
1	1	97	1
2	1	97	1
4	1	97	1
9	1	97	1
8	1	98	1
0	1	98	1
1	1	98	1
2	1	98	1
4	1	98	1
0	1	99	1
2	1	99	1
8	1	100	1
0	1	100	1
8	1	101	1
0	1	101	1
1	1	101	1
2	1	101	1
4	1	101	1
9	1	101	1
8	1	21	1
0	1	21	1
1	1	21	1
2	1	21	1
4	1	21	1
9	1	21	1
8	1	90	1
0	1	90	1
1	1	90	1
2	1	90	1
4	1	90	1
9	1	90	1
8	1	47	1
0	1	47	1
1	1	47	1
2	1	47	1
4	1	47	1
9	1	47	1
8	1	102	1
0	1	102	1
1	1	102	1
8	1	27	1
0	1	27	1
1	1	27	1
2	1	27	1
4	1	27	1
9	1	27	1
0	1	44	1
9	1	44	1
8	1	26	1
0	1	26	1
1	1	26	1
2	1	26	1
4	1	26	1
9	1	26	1
8	1	31	1
0	1	31	1
1	1	31	1
2	1	31	1
4	1	31	1
9	1	31	1
8	1	103	1
0	1	103	1
1	1	103	1
2	1	103	1
4	1	103	1
9	1	103	1
0	1	85	1
8	1	8	1
0	1	8	1
1	1	8	1
2	1	8	1
4	1	8	1
9	1	8	1
8	1	104	1
0	1	104	1
8	1	105	1
0	1	105	1
1	1	105	1
2	1	105	1
4	1	105	1
9	1	105	1
8	1	106	1
0	1	106	1
1	1	106	1
2	1	106	1
4	1	106	1
9	1	106	1
8	1	5	1
0	1	5	1
1	1	5	1
2	1	5	1
4	1	5	1
9	1	5	1
8	1	65	1
0	1	65	1
2	1	65	1
8	1	53	1
0	1	53	1
1	1	53	1
2	1	53	1
4	1	53	1
9	1	53	1
8	1	107	1
0	1	107	1
1	1	107	1
2	1	107	1
4	1	107	1
9	1	107	1
8	1	108	1
0	1	108	1
1	1	108	1
2	1	108	1
4	1	108	1
9	1	108	1
8	1	88	1
0	1	88	1
1	1	88	1
2	1	88	1
4	1	88	1
9	1	88	1
8	1	109	1
0	1	109	1
1	1	109	1
2	1	109	1
4	1	109	1
9	1	109	1
8	1	3	1
0	1	3	1
1	1	3	1
2	1	3	1
4	1	3	1
9	1	3	1
8	1	110	1
0	1	110	1
1	1	110	1
2	1	110	1
4	1	110	1
9	1	110	1
8	1	111	1
0	1	111	1
1	1	111	1
4	1	111	1
9	1	111	1
8	1	112	1
0	1	112	1
1	1	112	1
2	1	112	1
4	1	112	1
8	1	25	1
0	1	25	1
1	1	25	1
2	1	25	1
4	1	25	1
9	1	25	1
8	1	113	1
0	1	113	1
1	1	113	1
2	1	113	1
4	1	113	1
9	1	113	1
8	1	114	1
0	1	114	1
1	1	114	1
2	1	114	1
4	1	114	1
9	1	114	1
8	1	79	1
0	1	79	1
1	1	79	1
2	1	79	1
4	1	79	1
9	1	79	1
8	1	32	1
0	1	32	1
1	1	32	1
2	1	32	1
4	1	32	1
9	1	32	1
8	1	16	1
0	1	16	1
1	1	16	1
2	1	16	1
4	1	16	1
9	1	16	1
8	1	84	1
0	1	84	1
1	1	84	1
2	1	84	1
4	1	84	1
9	1	84	1
8	1	115	1
0	1	115	1
1	1	115	1
2	1	115	1
4	1	115	1
9	1	115	1
8	1	6	1
0	1	6	1
1	1	6	1
2	1	6	1
4	1	6	1
9	1	6	1
10	2	20	1
0	2	20	1
11	2	20	1
2	2	20	1
4	2	20	1
5	2	20	1
6	2	20	1
12	2	20	1
10	2	116	1
0	2	116	1
11	2	116	1
2	2	116	1
4	2	116	1
5	2	116	1
6	2	116	1
12	2	116	1
10	2	117	1
0	2	117	1
11	2	117	1
2	2	117	1
4	2	117	1
5	2	117	1
6	2	117	1
12	2	117	1
10	2	24	1
0	2	24	1
11	2	24	1
2	2	24	1
4	2	24	1
5	2	24	1
6	2	24	1
12	2	24	1
10	2	8	1
0	2	8	1
11	2	8	1
2	2	8	1
4	2	8	1
5	2	8	1
6	2	8	1
12	2	8	1
10	2	118	1
0	2	118	1
11	2	118	1
2	2	118	1
4	2	118	1
5	2	118	1
6	2	118	1
12	2	118	1
10	2	119	1
0	2	119	1
11	2	119	1
2	2	119	1
4	2	119	1
5	2	119	1
6	2	119	1
12	2	119	1
10	2	120	1
0	2	120	1
11	2	120	1
2	2	120	1
4	2	120	1
5	2	120	1
6	2	120	1
12	2	120	1
10	2	121	1
0	2	121	1
11	2	121	1
2	2	121	1
4	2	121	1
5	2	121	1
6	2	121	1
12	2	121	1
10	2	122	1
0	2	122	1
11	2	122	1
2	2	122	1
4	2	122	1
5	2	122	1
6	2	122	1
12	2	122	1
11	2	123	1
10	2	22	1
2	2	22	1
4	2	22	1
5	2	22	1
10	2	19	1
0	2	19	1
11	2	19	1
2	2	19	1
4	2	19	1
5	2	19	1
6	2	19	1
12	2	19	1
10	2	5	1
0	2	5	1
11	2	5	1
2	2	5	1
4	2	5	1
5	2	5	1
6	2	5	1
12	2	5	1
10	2	124	1
0	2	124	1
11	2	124	1
2	2	124	1
4	2	124	1
5	2	124	1
6	2	124	1
12	2	124	1
10	2	27	1
0	2	27	1
11	2	27	1
2	2	27	1
4	2	27	1
5	2	27	1
6	2	27	1
12	2	27	1
10	2	85	1
0	2	85	1
11	2	85	1
5	2	85	1
10	2	58	1
0	2	58	1
11	2	58	1
2	2	58	1
4	2	58	1
5	2	58	1
6	2	58	1
12	2	58	1
10	2	125	1
0	2	125	1
11	2	125	1
2	2	125	1
4	2	125	1
5	2	125	1
6	2	125	1
12	2	125	1
10	2	6	1
0	2	6	1
11	2	6	1
2	2	6	1
4	2	6	1
5	2	6	1
6	2	6	1
12	2	6	1
10	2	126	1
0	2	126	1
11	2	126	1
2	2	126	1
4	2	126	1
5	2	126	1
12	2	126	1
10	2	127	1
0	2	127	1
11	2	127	1
2	2	127	1
4	2	127	1
5	2	127	1
6	2	127	1
12	2	127	1
10	2	32	1
0	2	32	1
11	2	32	1
2	2	32	1
4	2	32	1
5	2	32	1
6	2	32	1
12	2	32	1
10	2	63	1
0	2	63	1
11	2	63	1
2	2	63	1
4	2	63	1
5	2	63	1
6	2	63	1
12	2	63	1
10	2	53	1
0	2	53	1
11	2	53	1
2	2	53	1
4	2	53	1
5	2	53	1
6	2	53	1
12	2	53	1
10	2	2	1
0	2	2	1
11	2	2	1
2	2	2	1
4	2	2	1
5	2	2	1
6	2	2	1
12	2	2	1
10	2	26	1
0	2	26	1
11	2	26	1
2	2	26	1
4	2	26	1
5	2	26	1
6	2	26	1
12	2	26	1
6	2	70	1
10	2	16	1
0	2	16	1
11	2	16	1
2	2	16	1
4	2	16	1
5	2	16	1
12	2	16	1
10	2	50	1
0	2	50	1
2	2	50	1
4	2	50	1
5	2	50	1
6	2	50	1
12	2	50	1
10	2	80	1
0	2	80	1
11	2	80	1
2	2	80	1
4	2	80	1
5	2	80	1
6	2	80	1
12	2	80	1
10	2	128	1
0	2	128	1
11	2	128	1
2	2	128	1
4	2	128	1
5	2	128	1
6	2	128	1
12	2	128	1
10	2	129	1
0	2	129	1
11	2	129	1
2	2	129	1
4	2	129	1
5	2	129	1
6	2	129	1
12	2	129	1
10	2	54	1
0	2	54	1
11	2	54	1
2	2	54	1
4	2	54	1
5	2	54	1
6	2	54	1
12	2	54	1
10	2	75	1
0	2	75	1
11	2	75	1
2	2	75	1
4	2	75	1
5	2	75	1
6	2	75	1
12	2	75	1
10	2	130	1
0	2	130	1
11	2	130	1
2	2	130	1
5	2	130	1
12	2	130	1
10	2	76	1
0	2	76	1
11	2	76	1
2	2	76	1
4	2	76	1
5	2	76	1
6	2	76	1
12	2	76	1
10	2	57	1
0	2	57	1
11	2	57	1
2	2	57	1
4	2	57	1
5	2	57	1
6	2	57	1
12	2	57	1
10	2	61	1
0	2	61	1
11	2	61	1
2	2	61	1
4	2	61	1
5	2	61	1
6	2	61	1
12	2	61	1
10	2	131	1
0	2	131	1
11	2	131	1
2	2	131	1
4	2	131	1
5	2	131	1
6	2	131	1
10	2	132	1
0	2	132	1
11	2	132	1
2	2	132	1
4	2	132	1
5	2	132	1
6	2	132	1
12	2	132	1
10	2	79	1
0	2	79	1
11	2	79	1
2	2	79	1
4	2	79	1
5	2	79	1
6	2	79	1
12	2	79	1
0	2	133	1
2	2	133	1
5	2	133	1
10	2	68	1
0	2	68	1
11	2	68	1
2	2	68	1
4	2	68	1
5	2	68	1
6	2	68	1
12	2	68	1
10	2	21	1
0	2	21	1
11	2	21	1
2	2	21	1
4	2	21	1
5	2	21	1
6	2	21	1
12	2	21	1
10	2	134	1
0	2	134	1
11	2	134	1
2	2	134	1
4	2	134	1
5	2	134	1
6	2	134	1
12	2	134	1
10	2	65	1
0	2	65	1
2	2	65	1
5	2	65	1
6	2	65	1
10	2	135	1
0	2	135	1
11	2	135	1
5	2	135	1
6	2	135	1
10	2	37	1
0	2	37	1
11	2	37	1
2	2	37	1
4	2	37	1
5	2	37	1
6	2	37	1
12	2	37	1
10	2	136	1
0	2	136	1
11	2	136	1
2	2	136	1
4	2	136	1
5	2	136	1
6	2	136	1
12	2	136	1
10	2	31	1
0	2	31	1
11	2	31	1
2	2	31	1
4	2	31	1
5	2	31	1
6	2	31	1
12	2	31	1
10	2	137	1
0	2	137	1
11	2	137	1
2	2	137	1
4	2	137	1
5	2	137	1
6	2	137	1
12	2	137	1
10	2	42	1
0	2	42	1
11	2	42	1
2	2	42	1
4	2	42	1
5	2	42	1
6	2	42	1
12	2	42	1
10	2	1	1
0	2	1	1
11	2	1	1
2	2	1	1
4	2	1	1
5	2	1	1
6	2	1	1
12	2	1	1
10	2	138	1
0	2	138	1
11	2	138	1
2	2	138	1
4	2	138	1
5	2	138	1
6	2	138	1
12	2	138	1
10	2	139	1
0	2	139	1
11	2	139	1
2	2	139	1
4	2	139	1
5	2	139	1
6	2	139	1
12	2	139	1
10	2	140	1
0	2	140	1
11	2	140	1
2	2	140	1
4	2	140	1
5	2	140	1
6	2	140	1
12	2	140	1
10	2	141	1
0	2	141	1
11	2	141	1
2	2	141	1
4	2	141	1
5	2	141	1
6	2	141	1
12	2	141	1
10	2	84	1
0	2	84	1
11	2	84	1
2	2	84	1
4	2	84	1
5	2	84	1
6	2	84	1
12	2	84	1
10	2	142	1
0	2	142	1
11	2	142	1
2	2	142	1
4	2	142	1
5	2	142	1
6	2	142	1
12	2	142	1
10	2	18	1
0	2	18	1
11	2	18	1
2	2	18	1
4	2	18	1
5	2	18	1
6	2	18	1
12	2	18	1
10	2	114	1
0	2	114	1
11	2	114	1
2	2	114	1
4	2	114	1
5	2	114	1
6	2	114	1
12	2	114	1
10	2	143	1
0	2	143	1
11	2	143	1
2	2	143	1
4	2	143	1
5	2	143	1
6	2	143	1
12	2	143	1
10	2	144	1
0	2	144	1
11	2	144	1
2	2	144	1
4	2	144	1
5	2	144	1
6	2	144	1
12	2	144	1
10	3	1	1
0	3	1	1
2	3	1	1
3	3	1	1
10	3	30	1
0	3	30	1
2	3	30	1
3	3	30	1
10	3	127	1
0	3	127	1
2	3	127	1
3	3	127	1
10	3	145	1
0	3	145	1
2	3	145	1
3	3	145	1
10	3	5	1
0	3	5	1
2	3	5	1
3	3	5	1
10	3	35	1
0	3	35	1
2	3	35	1
3	3	35	1
10	3	146	1
0	3	146	1
2	3	146	1
3	3	146	1
10	3	61	1
0	3	61	1
2	3	61	1
3	3	61	1
10	3	3	1
0	3	3	1
2	3	3	1
3	3	3	1
10	3	58	1
0	3	58	1
2	3	58	1
3	3	58	1
10	3	32	1
0	3	32	1
2	3	32	1
3	3	32	1
10	3	147	1
0	3	147	1
2	3	147	1
3	3	147	1
10	3	148	1
0	3	148	1
2	3	148	1
3	3	148	1
10	3	68	1
0	3	68	1
2	3	68	1
3	3	68	1
10	3	96	1
0	3	96	1
2	3	96	1
3	3	96	1
10	3	149	1
0	3	149	1
2	3	149	1
3	3	149	1
10	3	74	1
0	3	74	1
2	3	74	1
10	3	150	1
0	3	150	1
2	3	150	1
3	3	150	1
10	3	151	1
0	3	151	1
2	3	151	1
3	3	151	1
10	3	24	1
0	3	24	1
2	3	24	1
3	3	24	1
10	3	31	1
0	3	31	1
2	3	31	1
3	3	31	1
10	3	152	1
0	3	152	1
2	3	152	1
3	3	152	1
10	3	153	1
0	3	153	1
2	3	153	1
3	3	153	1
10	3	154	1
0	3	154	1
2	3	154	1
3	3	154	1
10	3	155	1
0	3	155	1
2	3	155	1
3	3	155	1
10	3	156	1
0	3	156	1
2	3	156	1
10	3	27	1
0	3	27	1
2	3	27	1
3	3	27	1
10	3	157	1
0	3	157	1
2	3	157	1
3	3	157	1
10	3	158	1
0	3	158	1
2	3	158	1
3	3	158	1
10	3	79	1
0	3	79	1
2	3	79	1
3	3	79	1
10	3	159	1
0	3	159	1
2	3	159	1
3	3	159	1
10	3	160	1
0	3	160	1
2	3	160	1
3	3	160	1
10	3	89	1
0	3	89	1
2	3	89	1
3	3	89	1
0	3	64	1
10	3	42	1
0	3	42	1
2	3	42	1
3	3	42	1
10	3	44	1
0	3	44	1
10	3	53	1
0	3	53	1
2	3	53	1
3	3	53	1
10	3	161	1
0	3	161	1
2	3	161	1
3	3	161	1
10	3	75	1
0	3	75	1
2	3	75	1
3	3	75	1
10	3	162	1
0	3	162	1
2	3	162	1
3	3	162	1
10	3	163	1
0	3	163	1
3	3	163	1
10	3	164	1
0	3	164	1
2	3	164	1
3	3	164	1
10	3	77	1
0	3	77	1
2	3	77	1
10	3	91	1
0	3	91	1
2	3	91	1
3	3	91	1
10	3	165	1
0	3	165	1
2	3	165	1
3	3	165	1
10	3	166	1
0	3	166	1
2	3	166	1
3	3	166	1
10	3	57	1
0	3	57	1
2	3	57	1
3	3	57	1
2	3	167	1
10	3	168	1
0	3	168	1
2	3	168	1
10	3	169	1
0	3	169	1
2	3	169	1
3	3	169	1
10	3	84	1
0	3	84	1
2	3	84	1
3	3	84	1
10	3	93	1
0	3	93	1
2	3	93	1
3	3	93	1
10	3	170	1
0	3	170	1
2	3	170	1
3	3	170	1
10	3	171	1
0	3	171	1
2	3	171	1
3	3	171	1
10	3	19	1
0	3	19	1
2	3	19	1
3	3	19	1
10	3	110	1
0	3	110	1
2	3	110	1
3	3	110	1
7	4	69	1
0	4	69	1
1	4	69	1
2	4	69	1
3	4	69	1
0	4	97	1
1	4	97	1
2	4	97	1
3	4	97	1
7	4	31	1
0	4	31	1
1	4	31	1
2	4	31	1
3	4	31	1
0	4	172	1
1	4	172	1
2	4	172	1
3	4	172	1
0	4	30	1
1	4	30	1
2	4	30	1
3	4	30	1
0	4	139	1
1	4	139	1
2	4	139	1
3	4	139	1
0	4	9	1
1	4	9	1
2	4	9	1
3	4	9	1
0	4	46	1
1	4	46	1
2	4	46	1
3	4	46	1
0	4	173	1
1	4	173	1
2	4	173	1
3	4	173	1
0	4	174	1
1	4	174	1
0	4	175	1
1	4	175	1
2	4	175	1
3	4	175	1
7	4	79	1
0	4	79	1
1	4	79	1
2	4	79	1
3	4	79	1
7	4	95	1
0	4	95	1
1	4	95	1
2	4	95	1
3	4	95	1
7	4	36	1
0	4	36	1
1	4	36	1
2	4	36	1
3	4	36	1
7	4	1	1
0	4	1	1
1	4	1	1
2	4	1	1
3	4	1	1
0	4	35	1
1	4	35	1
2	4	35	1
3	4	35	1
0	4	176	1
2	4	176	1
0	4	37	1
1	4	37	1
2	4	37	1
3	4	37	1
0	4	177	1
2	4	177	1
3	4	177	1
0	4	178	1
1	4	178	1
2	4	178	1
3	4	178	1
7	4	89	1
0	4	89	1
1	4	89	1
2	4	89	1
3	4	89	1
0	4	146	1
1	4	146	1
2	4	146	1
3	4	146	1
0	4	90	1
1	4	90	1
2	4	90	1
3	4	90	1
0	4	179	1
1	4	179	1
2	4	179	1
3	4	179	1
0	4	58	1
1	4	58	1
2	4	58	1
3	4	58	1
0	4	180	1
1	4	180	1
2	4	180	1
3	4	180	1
0	4	62	1
1	4	62	1
2	4	62	1
3	4	62	1
7	4	26	1
0	4	26	1
1	4	26	1
2	4	26	1
3	4	26	1
7	4	53	1
0	4	53	1
1	4	53	1
2	4	53	1
3	4	53	1
0	4	181	1
1	4	181	1
2	4	181	1
3	4	181	1
0	4	130	1
2	4	130	1
0	4	182	1
1	4	182	1
2	4	182	1
0	4	183	1
0	4	184	1
1	4	184	1
2	4	184	1
3	4	184	1
0	4	109	1
1	4	109	1
2	4	109	1
3	4	109	1
0	4	185	1
1	4	185	1
2	4	185	1
3	4	185	1
7	4	186	1
0	4	186	1
1	4	186	1
2	4	186	1
3	4	186	1
7	4	7	1
0	4	7	1
1	4	7	1
2	4	7	1
3	4	7	1
0	4	110	1
1	4	110	1
2	4	110	1
3	4	110	1
0	4	187	1
2	4	187	1
3	4	187	1
7	4	5	1
0	4	5	1
1	4	5	1
2	4	5	1
3	4	5	1
0	4	96	1
1	4	96	1
2	4	96	1
3	4	96	1
0	4	68	1
1	4	68	1
2	4	68	1
3	4	68	1
0	4	0	1
1	4	0	1
2	4	0	1
3	4	0	1
0	4	126	1
2	4	126	1
0	4	21	1
1	4	21	1
2	4	21	1
3	4	21	1
0	4	188	1
1	4	188	1
2	4	188	1
3	4	188	1
0	4	25	1
1	4	25	1
2	4	25	1
3	4	25	1
0	4	189	1
1	4	189	1
2	4	189	1
3	4	189	1
0	4	72	1
1	4	72	1
2	4	72	1
3	4	72	1
0	4	159	1
1	4	159	1
2	4	159	1
3	4	159	1
7	4	84	1
0	4	84	1
1	4	84	1
2	4	84	1
3	4	84	1
0	4	24	1
1	4	24	1
2	4	24	1
3	4	24	1
0	4	6	1
1	4	6	1
2	4	6	1
3	4	6	1
7	4	190	1
0	4	190	1
1	4	190	1
2	4	190	1
3	4	190	1
0	4	44	1
0	4	136	1
1	4	136	1
2	4	136	1
3	4	136	1
0	4	191	1
1	4	191	1
2	4	191	1
3	4	191	1
0	4	192	1
1	4	192	1
2	4	192	1
3	4	192	1
7	4	193	1
0	4	193	1
1	4	193	1
2	4	193	1
3	4	193	1
0	4	23	1
1	4	23	1
2	4	23	1
3	4	23	1
0	4	147	1
1	4	147	1
2	4	147	1
3	4	147	1
0	4	194	1
1	4	194	1
2	4	194	1
3	4	194	1
0	4	195	1
1	4	195	1
2	4	195	1
3	4	195	1
0	4	85	1
3	4	85	1
0	4	77	1
2	4	77	1
0	4	196	1
1	4	196	1
7	4	27	1
0	4	27	1
1	4	27	1
2	4	27	1
3	4	27	1
0	4	197	1
1	4	197	1
2	4	197	1
3	4	197	1
0	4	198	1
1	4	198	1
2	4	198	1
3	4	198	1
0	4	138	1
1	4	138	1
2	4	138	1
3	4	138	1
7	4	56	1
0	4	56	1
1	4	56	1
2	4	56	1
3	4	56	1
0	4	199	1
1	4	199	1
2	4	199	1
3	4	199	1
2	4	200	1
7	4	201	1
0	4	201	1
1	4	201	1
2	4	201	1
3	4	201	1
0	4	202	1
1	4	202	1
2	4	202	1
3	4	202	1
0	4	103	1
1	4	103	1
2	4	103	1
3	4	103	1
0	4	8	1
1	4	8	1
2	4	8	1
3	4	8	1
7	4	203	1
0	4	203	1
1	4	203	1
2	4	203	1
3	4	203	1
7	4	75	1
0	4	75	1
1	4	75	1
2	4	75	1
3	4	75	1
0	4	61	1
1	4	61	1
2	4	61	1
3	4	61	1
0	4	204	1
1	4	204	1
2	4	204	1
3	4	204	1
0	4	105	1
1	4	105	1
2	4	105	1
3	4	105	1
0	5	2	1
1	5	2	1
2	5	2	1
4	5	2	1
5	5	2	1
13	5	2	1
0	5	47	1
1	5	47	1
2	5	47	1
4	5	47	1
5	5	47	1
13	5	47	1
0	5	205	1
1	5	205	1
2	5	205	1
4	5	205	1
5	5	205	1
13	5	205	1
0	5	206	1
1	5	206	1
2	5	206	1
4	5	206	1
5	5	206	1
13	5	206	1
0	5	207	1
1	5	207	1
13	5	207	1
0	5	108	1
1	5	108	1
2	5	108	1
4	5	108	1
5	5	108	1
13	5	108	1
0	5	208	1
1	5	208	1
2	5	208	1
4	5	208	1
5	5	208	1
0	5	209	1
1	5	209	1
2	5	209	1
4	5	209	1
5	5	209	1
13	5	209	1
4	5	210	1
0	5	211	1
1	5	211	1
2	5	211	1
4	5	211	1
5	5	211	1
13	5	211	1
0	5	89	1
1	5	89	1
2	5	89	1
4	5	89	1
5	5	89	1
13	5	89	1
0	5	147	1
1	5	147	1
2	5	147	1
4	5	147	1
5	5	147	1
13	5	147	1
0	5	23	1
1	5	23	1
2	5	23	1
4	5	23	1
5	5	23	1
13	5	23	1
0	5	1	1
1	5	1	1
2	5	1	1
4	5	1	1
5	5	1	1
13	5	1	1
0	5	170	1
1	5	170	1
2	5	170	1
4	5	170	1
5	5	170	1
13	5	170	1
0	5	27	1
1	5	27	1
2	5	27	1
4	5	27	1
5	5	27	1
13	5	27	1
0	5	142	1
1	5	142	1
2	5	142	1
4	5	142	1
5	5	142	1
13	5	142	1
0	5	212	1
1	5	212	1
2	5	212	1
4	5	212	1
5	5	212	1
13	5	212	1
0	5	79	1
1	5	79	1
2	5	79	1
4	5	79	1
5	5	79	1
13	5	79	1
0	5	19	1
1	5	19	1
2	5	19	1
4	5	19	1
5	5	19	1
13	5	19	1
0	5	213	1
2	5	213	1
4	5	213	1
5	5	213	1
13	5	213	1
0	5	58	1
1	5	58	1
2	5	58	1
4	5	58	1
5	5	58	1
13	5	58	1
0	5	38	1
4	5	38	1
5	5	38	1
0	5	172	1
1	5	172	1
2	5	172	1
4	5	172	1
5	5	172	1
13	5	172	1
0	5	214	1
1	5	214	1
2	5	214	1
4	5	214	1
5	5	214	1
13	5	214	1
0	5	53	1
1	5	53	1
2	5	53	1
4	5	53	1
5	5	53	1
13	5	53	1
0	5	215	1
1	5	215	1
2	5	215	1
4	5	215	1
5	5	215	1
13	5	215	1
0	5	194	1
1	5	194	1
2	5	194	1
4	5	194	1
5	5	194	1
13	5	194	1
0	5	216	1
1	5	216	1
2	5	216	1
4	5	216	1
5	5	216	1
13	5	216	1
0	5	49	1
1	5	49	1
2	5	49	1
4	5	49	1
5	5	49	1
13	5	49	1
0	5	217	1
1	5	217	1
2	5	217	1
4	5	217	1
5	5	217	1
13	5	217	1
0	5	57	1
1	5	57	1
2	5	57	1
4	5	57	1
5	5	57	1
13	5	57	1
0	5	218	1
1	5	218	1
2	5	218	1
4	5	218	1
5	5	218	1
13	5	218	1
0	5	219	1
0	5	220	1
0	5	64	1
0	5	157	1
1	5	157	1
2	5	157	1
4	5	157	1
5	5	157	1
13	5	157	1
0	5	105	1
1	5	105	1
2	5	105	1
4	5	105	1
5	5	105	1
13	5	105	1
0	5	221	1
1	5	221	1
2	5	221	1
4	5	221	1
5	5	221	1
13	5	221	1
0	5	149	1
1	5	149	1
2	5	149	1
4	5	149	1
5	5	149	1
13	5	149	1
0	5	77	1
2	5	77	1
5	5	77	1
13	5	77	1
0	5	51	1
1	5	51	1
2	5	51	1
4	5	51	1
5	5	51	1
13	5	51	1
0	5	82	1
1	5	82	1
2	5	82	1
4	5	82	1
5	5	82	1
13	5	82	1
0	5	109	1
1	5	109	1
2	5	109	1
4	5	109	1
5	5	109	1
13	5	109	1
0	5	39	1
1	5	39	1
2	5	39	1
4	5	39	1
5	5	39	1
13	5	39	1
0	5	86	1
1	5	86	1
2	5	86	1
4	5	86	1
5	5	86	1
13	5	86	1
0	5	87	1
1	5	87	1
2	5	87	1
4	5	87	1
5	5	87	1
13	5	87	1
0	5	36	1
1	5	36	1
2	5	36	1
4	5	36	1
5	5	36	1
13	5	36	1
7	6	222	1
0	6	222	1
1	6	222	1
2	6	222	1
13	6	222	1
0	6	223	1
1	6	223	1
2	6	223	1
13	6	223	1
0	6	114	1
1	6	114	1
2	6	114	1
13	6	114	1
0	6	6	1
1	6	6	1
2	6	6	1
13	6	6	1
0	6	206	1
1	6	206	1
2	6	206	1
13	6	206	1
0	6	224	1
1	6	224	1
2	6	224	1
13	6	224	1
0	6	225	1
2	6	225	1
13	6	225	1
0	6	13	1
0	6	226	1
1	6	226	1
2	6	226	1
13	6	226	1
0	6	227	1
1	6	227	1
0	6	2	1
1	6	2	1
2	6	2	1
13	6	2	1
0	6	228	1
1	6	228	1
2	6	228	1
13	6	228	1
0	6	153	1
1	6	153	1
2	6	153	1
13	6	153	1
0	6	159	1
1	6	159	1
2	6	159	1
13	6	159	1
7	6	1	1
0	6	1	1
1	6	1	1
2	6	1	1
13	6	1	1
7	6	5	1
0	6	5	1
1	6	5	1
2	6	5	1
13	6	5	1
7	6	42	1
0	6	42	1
1	6	42	1
2	6	42	1
13	6	42	1
0	6	172	1
1	6	172	1
2	6	172	1
13	6	172	1
7	6	79	1
0	6	79	1
1	6	79	1
2	6	79	1
13	6	79	1
0	6	189	1
1	6	189	1
2	6	189	1
13	6	189	1
0	6	212	1
1	6	212	1
2	6	212	1
13	6	212	1
7	6	27	1
0	6	27	1
1	6	27	1
2	6	27	1
13	6	27	1
0	6	24	1
1	6	24	1
2	6	24	1
13	6	24	1
0	6	72	1
1	6	72	1
2	6	72	1
13	6	72	1
0	6	38	1
7	6	170	1
0	6	170	1
1	6	170	1
2	6	170	1
13	6	170	1
7	6	26	1
0	6	26	1
1	6	26	1
2	6	26	1
13	6	26	1
0	6	106	1
1	6	106	1
2	6	106	1
13	6	106	1
0	6	229	1
1	6	229	1
2	6	229	1
13	6	229	1
0	6	65	1
2	6	65	1
0	6	230	1
2	6	230	1
13	6	230	1
0	6	96	1
1	6	96	1
2	6	96	1
13	6	96	1
0	6	231	1
1	6	231	1
2	6	231	1
13	6	231	1
0	6	232	1
1	6	232	1
2	6	232	1
13	6	232	1
0	6	233	1
2	6	233	1
13	6	233	1
0	6	144	1
1	6	144	1
2	6	144	1
13	6	144	1
0	6	188	1
1	6	188	1
2	6	188	1
13	6	188	1
0	6	234	1
2	6	234	1
0	6	235	1
1	6	235	1
2	6	235	1
13	6	235	1
0	6	21	1
1	6	21	1
2	6	21	1
13	6	21	1
0	6	77	1
2	6	77	1
13	6	77	1
7	6	7	1
0	6	7	1
1	6	7	1
2	6	7	1
13	6	7	1
7	6	31	1
0	6	31	1
1	6	31	1
2	6	31	1
13	6	31	1
7	6	236	1
0	6	236	1
1	6	236	1
2	6	236	1
13	6	236	1
0	6	35	1
1	6	35	1
2	6	35	1
13	6	35	1
7	6	89	1
0	6	89	1
1	6	89	1
2	6	89	1
13	6	89	1
0	6	142	1
1	6	142	1
2	6	142	1
13	6	142	1
0	6	237	1
1	6	237	1
2	6	237	1
13	6	237	1
14	7	36	1
0	7	36	1
2	7	36	1
4	7	36	1
5	7	36	1
13	7	36	1
15	7	36	1
6	7	36	1
14	7	23	1
0	7	23	1
2	7	23	1
4	7	23	1
5	7	23	1
13	7	23	1
15	7	23	1
6	7	23	1
14	7	79	1
0	7	79	1
2	7	79	1
4	7	79	1
5	7	79	1
13	7	79	1
15	7	79	1
6	7	79	1
14	7	98	1
0	7	98	1
2	7	98	1
4	7	98	1
5	7	98	1
13	7	98	1
15	7	98	1
6	7	98	1
14	7	6	1
0	7	6	1
2	7	6	1
4	7	6	1
5	7	6	1
13	7	6	1
15	7	6	1
6	7	6	1
14	7	238	1
0	7	238	1
2	7	238	1
4	7	238	1
5	7	238	1
13	7	238	1
15	7	238	1
6	7	238	1
14	7	239	1
0	7	239	1
2	7	239	1
4	7	239	1
5	7	239	1
13	7	239	1
15	7	239	1
6	7	239	1
14	7	240	1
0	7	240	1
2	7	240	1
4	7	240	1
5	7	240	1
13	7	240	1
15	7	240	1
6	7	240	1
0	7	12	1
0	7	13	1
13	7	241	1
0	7	242	1
2	7	242	1
4	7	242	1
5	7	242	1
14	7	42	1
0	7	42	1
2	7	42	1
4	7	42	1
5	7	42	1
13	7	42	1
15	7	42	1
6	7	42	1
14	7	243	1
0	7	243	1
2	7	243	1
4	7	243	1
5	7	243	1
13	7	243	1
15	7	243	1
6	7	243	1
0	7	244	1
2	7	244	1
4	7	244	1
5	7	244	1
13	7	244	1
6	7	244	1
14	7	58	1
0	7	58	1
2	7	58	1
4	7	58	1
5	7	58	1
13	7	58	1
15	7	58	1
6	7	58	1
14	7	188	1
0	7	188	1
2	7	188	1
4	7	188	1
5	7	188	1
13	7	188	1
15	7	188	1
6	7	188	1
14	7	62	1
0	7	62	1
2	7	62	1
4	7	62	1
5	7	62	1
13	7	62	1
6	7	62	1
14	7	163	1
0	7	163	1
4	7	163	1
5	7	163	1
13	7	163	1
15	7	163	1
6	7	163	1
14	7	26	1
0	7	26	1
2	7	26	1
4	7	26	1
5	7	26	1
13	7	26	1
15	7	26	1
6	7	26	1
14	7	48	1
0	7	48	1
2	7	48	1
4	7	48	1
5	7	48	1
13	7	48	1
15	7	48	1
6	7	48	1
14	7	178	1
0	7	178	1
2	7	178	1
4	7	178	1
5	7	178	1
13	7	178	1
15	7	178	1
6	7	178	1
14	7	105	1
0	7	105	1
2	7	105	1
4	7	105	1
5	7	105	1
13	7	105	1
15	7	105	1
6	7	105	1
14	7	124	1
0	7	124	1
2	7	124	1
4	7	124	1
5	7	124	1
13	7	124	1
15	7	124	1
6	7	124	1
0	7	71	1
5	7	71	1
0	7	245	1
4	7	245	1
5	7	245	1
13	7	245	1
15	7	245	1
14	7	75	1
0	7	75	1
2	7	75	1
4	7	75	1
5	7	75	1
13	7	75	1
15	7	75	1
6	7	75	1
14	7	21	1
0	7	21	1
2	7	21	1
4	7	21	1
5	7	21	1
13	7	21	1
15	7	21	1
6	7	21	1
14	7	246	1
0	7	246	1
2	7	246	1
4	7	246	1
5	7	246	1
13	7	246	1
15	7	246	1
6	7	246	1
14	7	5	1
0	7	5	1
2	7	5	1
4	7	5	1
5	7	5	1
13	7	5	1
15	7	5	1
6	7	5	1
14	7	66	1
0	7	66	1
2	7	66	1
4	7	66	1
5	7	66	1
13	7	66	1
15	7	66	1
6	7	66	1
14	7	110	1
0	7	110	1
2	7	110	1
4	7	110	1
5	7	110	1
13	7	110	1
15	7	110	1
6	7	110	1
14	7	40	1
0	7	40	1
2	7	40	1
4	7	40	1
5	7	40	1
13	7	40	1
15	7	40	1
6	7	40	1
14	7	212	1
0	7	212	1
2	7	212	1
4	7	212	1
5	7	212	1
13	7	212	1
15	7	212	1
6	7	212	1
14	7	27	1
0	7	27	1
2	7	27	1
4	7	27	1
5	7	27	1
13	7	27	1
15	7	27	1
6	7	27	1
14	7	35	1
0	7	35	1
2	7	35	1
4	7	35	1
5	7	35	1
13	7	35	1
15	7	35	1
6	7	35	1
14	7	142	1
0	7	142	1
2	7	142	1
4	7	142	1
5	7	142	1
13	7	142	1
15	7	142	1
6	7	142	1
14	7	44	1
0	7	44	1
14	7	149	1
0	7	149	1
2	7	149	1
4	7	149	1
5	7	149	1
13	7	149	1
15	7	149	1
6	7	149	1
14	7	92	1
0	7	92	1
2	7	92	1
4	7	92	1
5	7	92	1
13	7	92	1
6	7	92	1
0	7	77	1
2	7	77	1
5	7	77	1
13	7	77	1
6	7	77	1
14	7	247	1
0	7	247	1
2	7	247	1
4	7	247	1
5	7	247	1
13	7	247	1
15	7	247	1
6	7	247	1
14	7	248	1
0	7	248	1
2	7	248	1
4	7	248	1
5	7	248	1
13	7	248	1
15	7	248	1
6	7	248	1
14	7	140	1
0	7	140	1
2	7	140	1
4	7	140	1
5	7	140	1
13	7	140	1
15	7	140	1
6	7	140	1
14	7	249	1
0	7	249	1
2	7	249	1
4	7	249	1
5	7	249	1
13	7	249	1
14	7	31	1
0	7	31	1
2	7	31	1
4	7	31	1
5	7	31	1
13	7	31	1
15	7	31	1
6	7	31	1
14	7	250	1
0	7	250	1
2	7	250	1
4	7	250	1
5	7	250	1
13	7	250	1
15	7	250	1
14	7	89	1
0	7	89	1
2	7	89	1
4	7	89	1
5	7	89	1
13	7	89	1
15	7	89	1
6	7	89	1
14	7	39	1
0	7	39	1
2	7	39	1
4	7	39	1
5	7	39	1
13	7	39	1
15	7	39	1
6	7	39	1
14	7	251	1
0	7	251	1
2	7	251	1
4	7	251	1
5	7	251	1
13	7	251	1
15	7	251	1
6	7	251	1
14	7	147	1
0	7	147	1
2	7	147	1
4	7	147	1
5	7	147	1
13	7	147	1
15	7	147	1
6	7	147	1
14	7	170	1
0	7	170	1
2	7	170	1
4	7	170	1
5	7	170	1
13	7	170	1
15	7	170	1
6	7	170	1
14	7	68	1
0	7	68	1
2	7	68	1
4	7	68	1
5	7	68	1
13	7	68	1
15	7	68	1
6	7	68	1
14	7	8	1
0	7	8	1
2	7	8	1
4	7	8	1
5	7	8	1
13	7	8	1
15	7	8	1
6	7	8	1
14	7	86	1
0	7	86	1
2	7	86	1
4	7	86	1
5	7	86	1
13	7	86	1
6	7	86	1
14	7	87	1
0	7	87	1
2	7	87	1
4	7	87	1
5	7	87	1
13	7	87	1
15	7	87	1
6	7	87	1
